seeds.size(): 2406
list 622	212	3.88
list 57	252	3.68
list 20	273	3.67
list 227	131	3.43
list 73	143	3.43
list 180	44	3.37
list 287	178	3.35
list 107	162	3.34
list 627	174	3.34
list 387	177	3.31
list 29	164	3.3
list 569	66	3.28
list 375	131	3.28
list 491	46	3.27
list 217	238	3.27
list 191	175	3.25
list 547	131	3.24
list 373	131	3.22
list 326	88	3.17
list 285	131	3.17
list 567	156	3.17
list 189	359	3.17
list 237	126	3.15
list 609	206	3.14
list 586	284	3.13
list 285	23	3.12
list 400	137	3.1
list 471	48	3.09
list 71	74	3.09
list 208	181	3.09
list 44	28	3.08
list 272	97	3.08
list 576	116	3.08
list 213	131	3.08
list 513	359	3.08
list 449	33	3.07
list 631	106	3.07
list 509	140	3.07
list 405	174	3.07
list 460	137	3.06
list 126	181	3.06
list 88	188	3.06
list 351	131	3.05
list 434	116	3.03
list 503	131	3.03
list 446	137	3.03
list 564	167	3.03
list 40	211	3.03
list 469	266	3.03
list 480	206	3.02
list 463	70	3.01
list 235	131	3.01
list 477	172	3.01
list 618	53	3
list 33	144	3
list 35	204	3
list 513	206	3
list 312	274	3
list 486	293	3
list 245	209	2.99
list 65	301	2.99
list 444	180	2.98
list 46	49	2.97
list 367	67	2.97
list 422	107	2.97
list 422	137	2.97
list 248	205	2.97
list 307	299	2.97
list 150	307	2.97
list 11	360	2.97
list 163	63	2.96
list 224	231	2.96
list 338	155	2.95
list 514	177	2.95
list 395	256	2.95
list 526	11	2.94
list 136	337	2.94
list 396	351	2.94
list 116	97	2.93
list 152	135	2.93
list 546	212	2.93
list 232	250	2.93
list 546	270	2.93
list 508	294	2.93
list 276	48	2.92
list 335	247	2.92
list 208	349	2.92
list 152	63	2.91
list 211	71	2.91
list 306	99	2.91
list 284	120	2.91
list 70	211	2.9
list 72	287	2.9
list 60	331	2.9
list 120	109	2.89
list 321	206	2.89
list 528	355	2.89
list 356	120	2.88
list 304	211	2.88
list 310	273	2.88
list 626	280	2.88
list 488	289	2.88
list 398	351	2.88
list 139	360	2.88
list 326	186	2.87
list 240	229	2.87
list 228	277	2.87
list 560	280	2.87
list 382	284	2.87
list 74	288	2.87
list 328	318	2.87
list 248	116	2.86
list 344	140	2.86
list 104	181	2.86
list 118	181	2.86
list 582	44	2.85
list 292	48	2.85
list 52	89	2.85
list 74	89	2.85
list 264	137	2.85
list 16	231	2.85
list 628	298	2.85
list 582	55	2.84
list 580	88	2.84
list 74	97	2.84
list 426	140	2.84
list 250	152	2.84
list 582	247	2.84
list 336	319	2.84
list 288	101	2.83
list 260	137	2.83
list 32	231	2.83
list 368	231	2.83
list 401	6	2.82
list 216	73	2.82
list 42	186	2.82
list 26	224	2.82
list 578	37	2.81
list 634	44	2.81
list 89	127	2.81
list 348	164	2.81
list 26	211	2.81
list 146	273	2.81
list 526	300	2.81
list 273	311	2.81
list 20	355	2.81
list 364	6	2.8
list 320	44	2.8
list 86	89	2.8
list 276	277	2.8
list 44	293	2.8
list 440	329	2.8
list 310	349	2.8
list 316	355	2.8
list 534	23	2.79
list 300	101	2.79
list 392	185	2.79
list 204	320	2.79
list 485	359	2.79
list 486	44	2.78
list 132	75	2.78
list 8	89	2.78
list 175	272	2.78
list 304	273	2.78
list 105	287	2.78
list 376	317	2.78
list 632	348	2.78
list 246	4	2.77
list 262	137	2.77
list 552	160	2.77
list 228	272	2.77
list 489	67	2.76
list 454	137	2.76
list 244	155	2.76
list 520	210	2.76
list 392	280	2.76
list 190	321	2.76
list 134	22	2.75
list 288	44	2.75
list 354	137	2.75
list 238	261	2.75
list 34	157	2.74
list 232	11	2.73
list 208	53	2.73
list 534	99	2.73
list 424	140	2.73
list 498	220	2.73
list 100	349	2.73
list 418	11	2.72
list 344	23	2.72
list 404	44	2.72
list 188	101	2.72
list 474	140	2.72
list 480	199	2.72
list 620	210	2.72
list 20	211	2.72
list 516	276	2.72
list 592	137	2.71
list 508	210	2.71
list 444	231	2.71
list 28	271	2.71
list 153	290	2.71
list 504	348	2.71
list 472	5	2.7
list 518	34	2.7
list 128	99	2.7
list 48	207	2.7
list 170	261	2.7
list 240	11	2.69
list 34	58	2.69
list 326	128	2.69
list 78	27	2.68
list 420	56	2.68
list 159	68	2.68
list 546	99	2.68
list 302	120	2.68
list 202	140	2.68
list 537	178	2.68
list 534	210	2.68
list 486	354	2.68
list 350	11	2.67
list 148	48	2.67
list 324	284	2.67
list 584	348	2.67
list 616	348	2.67
list 360	22	2.66
list 304	44	2.66
list 62	89	2.66
list 194	137	2.66
list 240	155	2.66
list 426	185	2.66
list 612	276	2.66
list 176	284	2.66
list 614	343	2.66
list 268	44	2.65
list 505	67	2.65
list 599	67	2.65
list 124	92	2.65
list 114	111	2.65
list 10	227	2.65
list 274	274	2.65
list 200	301	2.65
list 388	5	2.64
list 200	155	2.64
list 436	185	2.64
list 344	220	2.64
list 108	231	2.64
list 248	337	2.64
list 120	357	2.64
list 77	248	2.63
list 502	270	2.63
list 430	283	2.63
list 38	349	2.63
list 286	349	2.63
list 422	5	2.62
list 315	96	2.62
list 208	137	2.62
list 210	185	2.62
list 94	355	2.62
list 18	31	2.61
list 372	44	2.61
list 174	228	2.61
list 224	317	2.61
list 544	324	2.61
list 268	23	2.6
list 38	48	2.6
list 480	51	2.6
list 263	67	2.6
list 137	91	2.6
list 245	114	2.6
list 495	139	2.6
list 298	212	2.6
list 604	212	2.6
list 492	284	2.6
list 578	3	2.59
list 167	92	2.59
list 157	171	2.59
list 35	178	2.59
list 68	204	2.59
list 86	231	2.59
list 68	271	2.59
list 252	11	2.58
list 393	48	2.58
list 558	66	2.58
list 489	177	2.58
list 489	193	2.58
list 372	318	2.58
list 24	325	2.58
list 18	345	2.58
list 140	74	2.57
list 579	92	2.57
list 249	104	2.57
list 129	128	2.57
list 164	137	2.57
list 253	171	2.57
list 76	261	2.57
list 158	4	2.56
list 399	151	2.56
list 464	155	2.56
list 548	232	2.56
list 196	332	2.56
list 361	9	2.55
list 322	137	2.55
list 137	250	2.55
list 104	295	2.55
list 473	120	2.54
list 137	143	2.54
list 168	212	2.54
list 100	231	2.54
list 560	336	2.54
list 600	348	2.54
list 510	30	2.53
list 11	35	2.53
list 395	53	2.53
list 471	53	2.53
list 19	72	2.53
list 459	75	2.53
list 45	251	2.53
list 469	12	2.52
list 506	126	2.52
list 329	131	2.52
list 550	276	2.52
list 367	321	2.52
list 307	338	2.52
list 233	33	2.51
list 617	131	2.51
list 521	150	2.51
list 139	152	2.51
list 537	193	2.51
list 297	207	2.51
list 182	301	2.51
list 512	348	2.51
list 409	359	2.51
list 484	3	2.5
list 119	68	2.5
list 197	72	2.5
list 461	72	2.5
list 275	103	2.5
list 337	178	2.5
list 329	211	2.5
list 8	240	2.5
list 14	261	2.5
list 319	261	2.5
list 230	305	2.5
list 176	311	2.5
list 213	53	2.49
list 233	72	2.49
list 41	140	2.49
list 15	179	2.49
list 105	204	2.49
list 534	228	2.49
list 421	257	2.49
list 425	302	2.49
list 57	7	2.48
list 91	9	2.48
list 306	53	2.48
list 129	72	2.48
list 32	157	2.48
list 21	161	2.48
list 243	171	2.48
list 477	206	2.48
list 395	243	2.48
list 185	323	2.48
list 558	348	2.48
list 343	27	2.47
list 45	91	2.47
list 618	96	2.47
list 101	128	2.47
list 577	131	2.47
list 250	137	2.47
list 275	150	2.47
list 167	162	2.47
list 157	179	2.47
list 361	187	2.47
list 93	210	2.47
list 133	256	2.47
list 112	345	2.47
list 254	355	2.47
list 297	359	2.47
list 233	3	2.46
list 371	58	2.46
list 489	134	2.46
list 43	178	2.46
list 35	184	2.46
list 240	194	2.46
list 117	210	2.46
list 475	242	2.46
list 345	247	2.46
list 40	273	2.46
list 173	339	2.46
list 67	15	2.45
list 89	107	2.45
list 137	107	2.45
list 121	134	2.45
list 197	137	2.45
list 356	155	2.45
list 475	178	2.45
list 577	178	2.45
list 264	206	2.45
list 347	210	2.45
list 569	236	2.45
list 319	243	2.45
list 567	272	2.45
list 390	293	2.45
list 345	17	2.44
list 577	61	2.44
list 200	63	2.44
list 235	79	2.44
list 565	127	2.44
list 281	131	2.44
list 297	137	2.44
list 519	151	2.44
list 368	160	2.44
list 587	163	2.44
list 65	184	2.44
list 281	184	2.44
list 211	243	2.44
list 169	262	2.44
list 23	300	2.44
list 192	317	2.44
list 89	3	2.43
list 543	9	2.43
list 351	70	2.43
list 217	96	2.43
list 117	140	2.43
list 33	162	2.43
list 201	171	2.43
list 475	174	2.43
list 617	206	2.43
list 447	266	2.43
list 162	288	2.43
list 39	346	2.43
list 367	131	2.42
list 555	131	2.42
list 7	132	2.42
list 525	203	2.42
list 365	210	2.42
list 465	210	2.42
list 178	212	2.42
list 249	33	2.41
list 357	53	2.41
list 291	65	2.41
list 545	67	2.41
list 551	85	2.41
list 377	96	2.41
list 461	96	2.41
list 445	113	2.41
list 265	131	2.41
list 131	140	2.41
list 43	164	2.41
list 365	171	2.41
list 437	171	2.41
list 243	175	2.41
list 93	231	2.41
list 164	254	2.41
list 93	262	2.41
list 281	293	2.41
list 457	359	2.41
list 309	21	2.4
list 155	61	2.4
list 393	67	2.4
list 411	71	2.4
list 219	96	2.4
list 531	127	2.4
list 147	128	2.4
list 263	131	2.4
list 141	174	2.4
list 625	174	2.4
list 415	177	2.4
list 455	178	2.4
list 469	188	2.4
list 559	206	2.4
list 131	210	2.4
list 619	212	2.4
list 43	248	2.4
list 217	248	2.4
list 363	250	2.4
list 617	261	2.4
list 342	335	2.4
list 216	345	2.4
list 55	17	2.39
list 207	33	2.39
list 141	68	2.39
list 297	96	2.39
list 45	128	2.39
list 519	131	2.39
list 209	223	2.39
list 601	250	2.39
list 313	262	2.39
list 9	292	2.39
list 197	357	2.39
list 273	3	2.38
list 133	67	2.38
list 41	68	2.38
list 59	74	2.38
list 174	101	2.38
list 483	131	2.38
list 377	141	2.38
list 455	171	2.38
list 527	196	2.38
list 11	206	2.38
list 555	206	2.38
list 171	210	2.38
list 29	216	2.38
list 407	236	2.38
list 523	254	2.38
list 203	300	2.38
list 485	338	2.38
list 621	338	2.38
list 405	3	2.37
list 339	53	2.37
list 301	76	2.37
list 315	91	2.37
list 37	107	2.37
list 231	120	2.37
list 204	131	2.37
list 174	137	2.37
list 371	137	2.37
list 603	163	2.37
list 611	177	2.37
list 117	178	2.37
list 589	183	2.37
list 167	193	2.37
list 63	223	2.37
list 477	236	2.37
list 131	250	2.37
list 231	298	2.37
list 279	323	2.37
list 237	3	2.36
list 139	7	2.36
list 339	15	2.36
list 345	16	2.36
list 89	34	2.36
list 201	34	2.36
list 269	48	2.36
list 465	50	2.36
list 411	53	2.36
list 615	53	2.36
list 157	62	2.36
list 351	72	2.36
list 177	91	2.36
list 553	141	2.36
list 503	171	2.36
list 345	187	2.36
list 21	194	2.36
list 65	210	2.36
list 241	210	2.36
list 607	224	2.36
list 471	229	2.36
list 521	236	2.36
list 599	247	2.36
list 539	254	2.36
list 481	302	2.36
list 601	343	2.36
list 374	353	2.36
list 217	44	2.35
list 475	67	2.35
list 3	68	2.35
list 621	71	2.35
list 199	72	2.35
list 55	88	2.35
list 387	96	2.35
list 125	107	2.35
list 63	128	2.35
list 174	128	2.35
list 121	162	2.35
list 525	163	2.35
list 269	178	2.35
list 399	178	2.35
list 321	193	2.35
list 433	206	2.35
list 103	210	2.35
list 559	236	2.35
list 3	250	2.35
list 203	266	2.35
list 215	290	2.35
list 121	304	2.35
list 191	342	2.35
list 375	3	2.34
list 225	44	2.34
list 599	44	2.34
list 75	72	2.34
list 243	85	2.34
list 291	96	2.34
list 273	111	2.34
list 73	133	2.34
list 275	157	2.34
list 7	161	2.34
list 505	193	2.34
list 545	193	2.34
list 209	210	2.34
list 623	235	2.34
list 625	239	2.34
list 589	242	2.34
list 381	261	2.34
list 253	272	2.34
list 573	272	2.34
list 5	296	2.34
list 527	307	2.34
list 111	3	2.33
list 421	8	2.33
list 121	9	2.33
list 435	16	2.33
list 621	30	2.33
list 109	48	2.33
list 529	67	2.33
list 399	72	2.33
list 453	72	2.33
list 298	73	2.33
list 83	107	2.33
list 280	109	2.33
list 407	120	2.33
list 459	126	2.33
list 337	133	2.33
list 530	137	2.33
list 339	141	2.33
list 389	163	2.33
list 83	164	2.33
list 219	175	2.33
list 259	177	2.33
list 9	194	2.33
list 187	212	2.33
list 117	233	2.33
list 165	238	2.33
list 247	252	2.33
list 267	252	2.33
list 418	259	2.33
list 530	284	2.33
list 421	333	2.33
list 585	6	2.32
list 159	7	2.32
list 455	12	2.32
list 219	33	2.32
list 317	49	2.32
list 58	58	2.32
list 35	67	2.32
list 101	67	2.32
list 615	67	2.32
list 577	71	2.32
list 423	72	2.32
list 295	92	2.32
list 373	92	2.32
list 323	127	2.32
list 211	134	2.32
list 7	142	2.32
list 321	163	2.32
list 397	163	2.32
list 119	164	2.32
list 551	174	2.32
list 197	175	2.32
list 539	193	2.32
list 367	206	2.32
list 262	232	2.32
list 343	247	2.32
list 39	262	2.32
list 566	270	2.32
list 71	313	2.32
list 105	315	2.32
list 401	315	2.32
list 365	322	2.32
list 423	9	2.31
list 473	9	2.31
list 177	10	2.31
list 293	21	2.31
list 479	34	2.31
list 571	44	2.31
list 397	48	2.31
list 209	67	2.31
list 27	68	2.31
list 295	72	2.31
list 419	72	2.31
list 65	85	2.31
list 415	104	2.31
list 427	106	2.31
list 611	131	2.31
list 147	132	2.31
list 403	133	2.31
list 437	140	2.31
list 457	140	2.31
list 157	143	2.31
list 375	163	2.31
list 399	163	2.31
list 53	164	2.31
list 69	164	2.31
list 247	171	2.31
list 335	177	2.31
list 535	183	2.31
list 61	184	2.31
list 213	184	2.31
list 399	187	2.31
list 5	193	2.31
list 517	193	2.31
list 443	204	2.31
list 79	210	2.31
list 523	212	2.31
list 196	232	2.31
list 163	236	2.31
list 613	247	2.31
list 431	250	2.31
list 35	272	2.31
list 145	287	2.31
list 373	304	2.31
list 209	6	2.3
list 25	9	2.3
list 451	46	2.3
list 73	48	2.3
list 355	67	2.3
list 25	72	2.3
list 343	72	2.3
list 170	73	2.3
list 193	74	2.3
list 591	85	2.3
list 109	91	2.3
list 395	92	2.3
list 549	92	2.3
list 283	96	2.3
list 529	106	2.3
list 279	114	2.3
list 347	128	2.3
list 53	134	2.3
list 585	134	2.3
list 356	137	2.3
list 223	138	2.3
list 115	162	2.3
list 609	178	2.3
list 496	184	2.3
list 206	185	2.3
list 16	197	2.3
list 17	201	2.3
list 401	204	2.3
list 177	206	2.3
list 323	206	2.3
list 494	228	2.3
list 203	236	2.3
list 335	236	2.3
list 507	251	2.3
list 369	252	2.3
list 335	266	2.3
list 187	272	2.3
list 241	272	2.3
list 471	272	2.3
list 544	284	2.3
list 249	300	2.3
list 329	343	2.3
list 429	348	2.3
list 521	359	2.3
list 175	6	2.29
list 613	6	2.29
list 157	9	2.29
list 547	9	2.29
list 71	12	2.29
list 371	12	2.29
list 139	28	2.29
list 290	28	2.29
list 173	32	2.29
list 485	41	2.29
list 78	49	2.29
list 407	53	2.29
list 463	67	2.29
list 467	72	2.29
list 535	76	2.29
list 537	76	2.29
list 211	85	2.29
list 123	96	2.29
list 125	101	2.29
list 163	103	2.29
list 494	114	2.29
list 353	127	2.29
list 87	134	2.29
list 207	134	2.29
list 515	140	2.29
list 177	141	2.29
list 73	150	2.29
list 393	150	2.29
list 457	151	2.29
list 565	160	2.29
list 345	171	2.29
list 277	191	2.29
list 341	206	2.29
list 449	220	2.29
list 335	252	2.29
list 423	261	2.29
list 629	268	2.29
list 449	272	2.29
list 307	290	2.29
list 405	306	2.29
list 235	315	2.29
list 71	321	2.29
list 467	9	2.28
list 77	10	2.28
list 289	33	2.28
list 103	48	2.28
list 387	66	2.28
list 351	67	2.28
list 609	67	2.28
list 145	68	2.28
list 623	71	2.28
list 239	73	2.28
list 93	79	2.28
list 197	91	2.28
list 493	106	2.28
list 43	107	2.28
list 337	127	2.28
list 91	136	2.28
list 333	141	2.28
list 349	142	2.28
list 79	152	2.28
list 523	156	2.28
list 79	164	2.28
list 81	175	2.28
list 483	177	2.28
list 31	178	2.28
list 533	178	2.28
list 348	180	2.28
list 339	187	2.28
list 31	191	2.28
list 547	191	2.28
list 494	201	2.28
list 359	206	2.28
list 43	227	2.28
list 391	242	2.28
list 469	246	2.28
list 625	247	2.28
list 37	248	2.28
list 75	262	2.28
list 267	293	2.28
list 9	335	2.28
list 183	338	2.28
list 429	15	2.27
list 313	17	2.27
list 271	22	2.27
list 419	33	2.27
list 115	48	2.27
list 119	48	2.27
list 153	72	2.27
list 128	73	2.27
list 487	100	2.27
list 125	128	2.27
list 195	131	2.27
list 53	157	2.27
list 355	163	2.27
list 455	163	2.27
list 153	164	2.27
list 223	175	2.27
list 207	177	2.27
list 159	188	2.27
list 299	191	2.27
list 449	210	2.27
list 527	212	2.27
list 307	227	2.27
list 433	232	2.27
list 535	239	2.27
list 379	242	2.27
list 479	247	2.27
list 453	250	2.27
list 285	266	2.27
list 375	272	2.27
list 285	306	2.27
list 507	309	2.27
list 503	348	2.27
list 21	9	2.26
list 459	9	2.26
list 261	65	2.26
list 619	66	2.26
list 91	67	2.26
list 205	67	2.26
list 540	67	2.26
list 629	67	2.26
list 493	84	2.26
list 527	92	2.26
list 433	98	2.26
list 635	102	2.26
list 209	104	2.26
list 271	131	2.26
list 183	141	2.26
list 287	141	2.26
list 529	141	2.26
list 493	163	2.26
list 31	171	2.26
list 37	177	2.26
list 331	187	2.26
list 427	191	2.26
list 51	194	2.26
list 535	197	2.26
list 261	202	2.26
list 485	206	2.26
list 351	210	2.26
list 389	210	2.26
list 161	214	2.26
list 269	226	2.26
list 330	227	2.26
list 543	227	2.26
list 611	237	2.26
list 369	247	2.26
list 505	247	2.26
list 529	247	2.26
list 481	298	2.26
list 582	348	2.26
list 73	357	2.26
list 319	359	2.26
list 11	7	2.25
list 295	9	2.25
list 501	9	2.25
list 386	35	2.25
list 285	53	2.25
list 117	67	2.25
list 413	67	2.25
list 305	75	2.25
list 597	127	2.25
list 37	128	2.25
list 587	131	2.25
list 295	141	2.25
list 193	162	2.25
list 537	162	2.25
list 503	177	2.25
list 145	184	2.25
list 161	206	2.25
list 437	209	2.25
list 427	227	2.25
list 555	247	2.25
list 615	247	2.25
list 69	248	2.25
list 531	248	2.25
list 610	248	2.25
list 177	252	2.25
list 133	260	2.25
list 579	272	2.25
list 245	289	2.25
list 213	335	2.25
list 513	351	2.25
list 53	360	2.25
list 40	5	2.24
list 141	5	2.24
list 593	16	2.24
list 181	67	2.24
list 323	67	2.24
list 75	68	2.24
list 413	71	2.24
list 208	73	2.24
list 264	73	2.24
list 213	92	2.24
list 381	96	2.24
list 241	111	2.24
list 447	114	2.24
list 213	140	2.24
list 279	149	2.24
list 447	160	2.24
list 445	163	2.24
list 609	163	2.24
list 5	164	2.24
list 143	164	2.24
list 311	177	2.24
list 339	177	2.24
list 587	178	2.24
list 435	187	2.24
list 99	205	2.24
list 325	206	2.24
list 621	227	2.24
list 391	236	2.24
list 289	239	2.24
list 435	242	2.24
list 209	250	2.24
list 367	259	2.24
list 55	264	2.24
list 529	289	2.24
list 469	291	2.24
list 149	333	2.24
list 580	341	2.24
list 391	342	2.24
list 507	359	2.24
list 154	5	2.23
list 23	9	2.23
list 309	9	2.23
list 80	28	2.23
list 572	48	2.23
list 565	50	2.23
list 5	67	2.23
list 225	69	2.23
list 301	69	2.23
list 439	72	2.23
list 73	84	2.23
list 407	100	2.23
list 167	104	2.23
list 566	110	2.23
list 285	113	2.23
list 293	113	2.23
list 275	114	2.23
list 397	131	2.23
list 529	134	2.23
list 383	137	2.23
list 525	142	2.23
list 99	161	2.23
list 403	163	2.23
list 471	163	2.23
list 559	163	2.23
list 593	163	2.23
list 305	173	2.23
list 295	177	2.23
list 555	183	2.23
list 11	193	2.23
list 499	193	2.23
list 85	210	2.23
list 199	236	2.23
list 287	256	2.23
list 493	256	2.23
list 621	261	2.23
list 87	306	2.23
list 401	323	2.23
list 263	343	2.23
list 517	348	2.23
list 129	360	2.23
list 79	9	2.22
list 475	12	2.22
list 305	22	2.22
list 261	37	2.22
list 80	38	2.22
list 155	49	2.22
list 557	66	2.22
list 51	67	2.22
list 79	67	2.22
list 109	67	2.22
list 322	67	2.22
list 375	67	2.22
list 447	67	2.22
list 25	68	2.22
list 61	73	2.22
list 625	90	2.22
list 365	92	2.22
list 553	102	2.22
list 45	114	2.22
list 49	114	2.22
list 385	118	2.22
list 433	150	2.22
list 571	151	2.22
list 143	152	2.22
list 383	163	2.22
list 487	163	2.22
list 490	164	2.22
list 117	177	2.22
list 391	178	2.22
list 565	178	2.22
list 427	198	2.22
list 3	207	2.22
list 317	238	2.22
list 573	247	2.22
list 293	288	2.22
list 529	302	2.22
list 67	315	2.22
list 605	348	2.22
list 155	349	2.22
list 573	353	2.22
list 145	360	2.22
list 317	4	2.21
list 261	12	2.21
list 317	12	2.21
list 39	15	2.21
list 259	17	2.21
list 515	22	2.21
list 627	23	2.21
list 458	26	2.21
list 317	33	2.21
list 533	50	2.21
list 465	53	2.21
list 510	53	2.21
list 157	67	2.21
list 433	70	2.21
list 49	72	2.21
list 79	72	2.21
list 228	73	2.21
list 327	81	2.21
list 586	100	2.21
list 612	101	2.21
list 389	106	2.21
list 571	106	2.21
list 585	106	2.21
list 97	121	2.21
list 293	127	2.21
list 351	133	2.21
list 363	137	2.21
list 433	137	2.21
list 205	139	2.21
list 445	140	2.21
list 413	142	2.21
list 616	150	2.21
list 37	152	2.21
list 363	162	2.21
list 581	174	2.21
list 145	177	2.21
list 263	177	2.21
list 393	177	2.21
list 21	178	2.21
list 493	181	2.21
list 49	186	2.21
list 399	196	2.21
list 518	196	2.21
list 283	206	2.21
list 405	206	2.21
list 587	206	2.21
list 572	214	2.21
list 625	224	2.21
list 565	236	2.21
list 199	238	2.21
list 451	239	2.21
list 253	242	2.21
list 149	263	2.21
list 334	268	2.21
list 292	321	2.21
list 142	334	2.21
list 443	343	2.21
list 527	343	2.21
list 39	360	2.21
list 379	8	2.2
list 413	9	2.2
list 211	17	2.2
list 635	32	2.2
list 349	67	2.2
list 513	67	2.2
list 531	67	2.2
list 445	74	2.2
list 371	75	2.2
list 379	80	2.2
list 581	84	2.2
list 425	92	2.2
list 75	95	2.2
list 475	104	2.2
list 135	107	2.2
list 80	109	2.2
list 253	114	2.2
list 471	128	2.2
list 425	137	2.2
list 584	137	2.2
list 119	141	2.2
list 625	142	2.2
list 455	151	2.2
list 635	156	2.2
list 267	158	2.2
list 373	163	2.2
list 421	163	2.2
list 71	164	2.2
list 333	171	2.2
list 111	178	2.2
list 159	178	2.2
list 447	178	2.2
list 141	194	2.2
list 177	197	2.2
list 481	197	2.2
list 93	204	2.2
list 377	206	2.2
list 161	210	2.2
list 77	219	2.2
list 101	221	2.2
list 425	227	2.2
list 396	234	2.2
list 443	236	2.2
list 8	248	2.2
list 11	260	2.2
list 601	265	2.2
list 51	289	2.2
list 381	295	2.2
list 480	314	2.2
list 533	343	2.2
list 563	359	2.2
list 187	12	2.19
list 367	12	2.19
list 453	13	2.19
list 93	17	2.19
list 243	17	2.19
list 49	21	2.19
list 367	21	2.19
list 91	31	2.19
list 551	44	2.19
list 615	46	2.19
list 194	49	2.19
list 279	53	2.19
list 589	67	2.19
list 267	79	2.19
list 269	85	2.19
list 477	85	2.19
list 417	92	2.19
list 143	95	2.19
list 29	96	2.19
list 413	96	2.19
list 523	96	2.19
list 43	101	2.19
list 443	104	2.19
list 327	106	2.19
list 343	106	2.19
list 501	106	2.19
list 575	106	2.19
list 135	114	2.19
list 401	127	2.19
list 429	131	2.19
list 605	131	2.19
list 219	132	2.19
list 395	133	2.19
list 405	134	2.19
list 369	141	2.19
list 410	145	2.19
list 475	163	2.19
list 113	171	2.19
list 227	178	2.19
list 407	178	2.19
list 575	185	2.19
list 106	197	2.19
list 312	211	2.19
list 235	224	2.19
list 263	227	2.19
list 321	227	2.19
list 333	227	2.19
list 497	227	2.19
list 559	227	2.19
list 615	227	2.19
list 585	237	2.19
list 341	247	2.19
list 449	247	2.19
list 459	247	2.19
list 83	248	2.19
list 239	250	2.19
list 539	250	2.19
list 159	260	2.19
list 71	262	2.19
list 543	265	2.19
list 519	287	2.19
list 304	324	2.19
list 96	335	2.19
list 165	342	2.19
list 193	342	2.19
list 247	359	2.19
list 375	359	2.19
list 427	9	2.18
list 479	15	2.18
list 359	16	2.18
list 223	17	2.18
list 593	33	2.18
list 59	48	2.18
list 579	67	2.18
list 221	72	2.18
list 571	74	2.18
list 127	85	2.18
list 287	92	2.18
list 301	99	2.18
list 487	106	2.18
list 175	111	2.18
list 567	112	2.18
list 113	114	2.18
list 83	126	2.18
list 331	131	2.18
list 227	137	2.18
list 205	141	2.18
list 283	142	2.18
list 627	149	2.18
list 65	164	2.18
list 147	164	2.18
list 327	171	2.18
list 529	174	2.18
list 331	196	2.18
list 507	203	2.18
list 421	205	2.18
list 538	211	2.18
list 444	220	2.18
list 185	227	2.18
list 245	227	2.18
list 183	238	2.18
list 461	250	2.18
list 77	260	2.18
list 35	269	2.18
list 549	272	2.18
list 138	278	2.18
list 568	280	2.18
list 298	284	2.18
list 91	289	2.18
list 595	291	2.18
list 119	300	2.18
list 49	310	2.18
list 127	321	2.18
list 103	336	2.18
list 267	338	2.18
list 107	349	2.18
list 517	359	2.18
list 561	359	2.18
list 537	6	2.17
list 175	9	2.17
list 109	12	2.17
list 559	23	2.17
list 277	31	2.17
list 231	33	2.17
list 337	44	2.17
list 191	63	2.17
list 541	65	2.17
list 29	67	2.17
list 11	68	2.17
list 107	77	2.17
list 135	85	2.17
list 277	85	2.17
list 545	86	2.17
list 545	90	2.17
list 215	92	2.17
list 139	95	2.17
list 113	96	2.17
list 377	100	2.17
list 589	102	2.17
list 605	102	2.17
list 260	109	2.17
list 56	110	2.17
list 43	114	2.17
list 359	133	2.17
list 173	134	2.17
list 596	137	2.17
list 560	140	2.17
list 151	143	2.17
list 564	145	2.17
list 227	157	2.17
list 292	160	2.17
list 69	162	2.17
list 515	163	2.17
list 111	173	2.17
list 571	174	2.17
list 69	178	2.17
list 557	181	2.17
list 367	197	2.17
list 407	199	2.17
list 373	206	2.17
list 617	208	2.17
list 493	237	2.17
list 155	238	2.17
list 371	247	2.17
list 243	250	2.17
list 85	260	2.17
list 105	262	2.17
list 381	266	2.17
list 497	272	2.17
list 389	279	2.17
list 628	284	2.17
list 459	295	2.17
list 202	336	2.17
list 157	342	2.17
list 369	342	2.17
list 211	343	2.17
list 330	348	2.17
list 269	349	2.17
list 287	359	2.17
list 445	6	2.16
list 93	7	2.16
list 487	9	2.16
list 445	12	2.16
list 465	33	2.16
list 42	35	2.16
list 618	35	2.16
list 321	48	2.16
list 442	53	2.16
list 191	67	2.16
list 417	67	2.16
list 471	74	2.16
list 229	85	2.16
list 223	92	2.16
list 315	115	2.16
list 237	131	2.16
list 527	134	2.16
list 353	139	2.16
list 578	145	2.16
list 163	156	2.16
list 577	163	2.16
list 591	174	2.16
list 295	180	2.16
list 12	181	2.16
list 55	183	2.16
list 578	196	2.16
list 626	196	2.16
list 217	206	2.16
list 339	206	2.16
list 517	206	2.16
list 548	206	2.16
list 357	215	2.16
list 441	226	2.16
list 541	227	2.16
list 549	247	2.16
list 65	248	2.16
list 320	249	2.16
list 29	252	2.16
list 469	256	2.16
list 267	261	2.16
list 339	271	2.16
list 251	290	2.16
list 511	322	2.16
list 233	330	2.16
list 355	359	2.16
list 35	7	2.15
list 415	9	2.15
list 549	15	2.15
list 382	32	2.15
list 43	33	2.15
list 129	33	2.15
list 235	33	2.15
list 511	44	2.15
list 81	48	2.15
list 245	52	2.15
list 215	54	2.15
list 523	66	2.15
list 479	67	2.15
list 623	67	2.15
list 7	72	2.15
list 598	72	2.15
list 268	73	2.15
list 437	92	2.15
list 81	99	2.15
list 587	102	2.15
list 49	103	2.15
list 203	103	2.15
list 255	103	2.15
list 295	103	2.15
list 373	106	2.15
list 395	106	2.15
list 621	106	2.15
list 151	114	2.15
list 467	137	2.15
list 325	139	2.15
list 297	140	2.15
list 277	150	2.15
list 27	157	2.15
list 133	157	2.15
list 237	157	2.15
list 139	171	2.15
list 343	171	2.15
list 561	174	2.15
list 609	177	2.15
list 108	181	2.15
list 518	191	2.15
list 483	193	2.15
list 572	193	2.15
list 234	211	2.15
list 236	217	2.15
list 140	221	2.15
list 283	236	2.15
list 255	242	2.15
list 375	242	2.15
list 268	250	2.15
list 523	250	2.15
list 619	256	2.15
list 79	261	2.15
list 615	261	2.15
list 627	275	2.15
list 175	289	2.15
list 117	292	2.15
list 149	292	2.15
list 285	293	2.15
list 428	305	2.15
list 419	322	2.15
list 461	330	2.15
list 72	336	2.15
list 199	338	2.15
list 527	338	2.15
list 159	342	2.15
list 595	348	2.15
list 99	349	2.15
list 115	349	2.15
list 227	349	2.15
list 389	349	2.15
list 440	351	2.15
list 21	352	2.15
list 436	355	2.15
list 495	359	2.15
list 97	360	2.15
list 151	9	2.14
list 413	12	2.14
list 357	33	2.14
list 107	35	2.14
list 146	48	2.14
list 554	58	2.14
list 163	67	2.14
list 311	67	2.14
list 327	67	2.14
list 381	67	2.14
list 16	73	2.14
list 631	83	2.14
list 341	92	2.14
list 299	96	2.14
list 607	96	2.14
list 491	102	2.14
list 282	103	2.14
list 17	107	2.14
list 362	108	2.14
list 538	108	2.14
list 471	127	2.14
list 479	128	2.14
list 287	131	2.14
list 299	131	2.14
list 309	134	2.14
list 226	150	2.14
list 554	150	2.14
list 23	152	2.14
list 115	157	2.14
list 525	174	2.14
list 40	181	2.14
list 232	181	2.14
list 175	184	2.14
list 575	187	2.14
list 603	193	2.14
list 19	194	2.14
list 323	196	2.14
list 477	204	2.14
list 389	209	2.14
list 604	231	2.14
list 110	232	2.14
list 325	247	2.14
list 367	247	2.14
list 125	248	2.14
list 235	250	2.14
list 475	250	2.14
list 174	254	2.14
list 79	256	2.14
list 55	261	2.14
list 587	272	2.14
list 266	277	2.14
list 613	289	2.14
list 565	297	2.14
list 37	309	2.14
list 465	310	2.14
list 567	317	2.14
list 119	323	2.14
list 159	349	2.14
list 397	359	2.14
list 427	359	2.14
list 529	359	2.14
list 235	6	2.13
list 519	6	2.13
list 209	9	2.13
list 511	23	2.13
list 595	26	2.13
list 11	33	2.13
list 456	40	2.13
list 381	61	2.13
list 511	66	2.13
list 143	67	2.13
list 189	67	2.13
list 267	67	2.13
list 534	72	2.13
list 299	92	2.13
list 27	96	2.13
list 108	97	2.13
list 554	97	2.13
list 603	102	2.13
list 451	104	2.13
list 314	109	2.13
list 71	114	2.13
list 283	131	2.13
list 433	131	2.13
list 336	133	2.13
list 442	140	2.13
list 101	152	2.13
list 391	163	2.13
list 606	167	2.13
list 529	177	2.13
list 474	183	2.13
list 245	184	2.13
list 539	203	2.13
list 173	206	2.13
list 273	206	2.13
list 475	212	2.13
list 239	242	2.13
list 283	242	2.13
list 323	242	2.13
list 353	247	2.13
list 397	247	2.13
list 87	250	2.13
list 403	266	2.13
list 493	272	2.13
list 196	273	2.13
list 356	273	2.13
list 611	276	2.13
list 310	282	2.13
list 573	288	2.13
list 232	301	2.13
list 191	311	2.13
list 227	315	2.13
list 337	316	2.13
list 255	317	2.13
list 326	321	2.13
list 386	321	2.13
list 5	337	2.13
list 95	342	2.13
list 26	349	2.13
list 138	351	2.13
list 3	360	2.13
list 133	360	2.13
list 469	9	2.12
list 537	9	2.12
list 315	10	2.12
list 47	12	2.12
list 82	23	2.12
list 618	27	2.12
list 168	45	2.12
list 115	47	2.12
list 312	64	2.12
list 197	65	2.12
list 61	67	2.12
list 72	67	2.12
list 88	68	2.12
list 101	72	2.12
list 167	72	2.12
list 15	73	2.12
list 86	73	2.12
list 511	76	2.12
list 21	96	2.12
list 88	97	2.12
list 276	97	2.12
list 83	114	2.12
list 417	114	2.12
list 513	127	2.12
list 203	131	2.12
list 445	131	2.12
list 206	135	2.12
list 40	140	2.12
list 573	140	2.12
list 539	141	2.12
list 114	146	2.12
list 136	146	2.12
list 252	151	2.12
list 141	156	2.12
list 231	158	2.12
list 605	158	2.12
list 573	163	2.12
list 255	171	2.12
list 267	173	2.12
list 50	178	2.12
list 85	178	2.12
list 561	178	2.12
list 90	180	2.12
list 532	187	2.12
list 516	193	2.12
list 383	206	2.12
list 453	206	2.12
list 332	211	2.12
list 253	227	2.12
list 423	236	2.12
list 17	238	2.12
list 383	247	2.12
list 577	259	2.12
list 293	261	2.12
list 611	261	2.12
list 311	266	2.12
list 287	272	2.12
list 559	276	2.12
list 563	282	2.12
list 109	304	2.12
list 376	330	2.12
list 541	345	2.12
list 177	346	2.12
list 521	348	2.12
list 151	360	2.12
list 497	4	2.11
list 7	9	2.11
list 281	9	2.11
list 387	9	2.11
list 483	9	2.11
list 407	12	2.11
list 189	50	2.11
list 528	53	2.11
list 376	54	2.11
list 435	58	2.11
list 113	68	2.11
list 580	72	2.11
list 118	73	2.11
list 316	73	2.11
list 407	74	2.11
list 95	76	2.11
list 422	78	2.11
list 49	86	2.11
list 43	97	2.11
list 259	111	2.11
list 376	112	2.11
list 334	116	2.11
list 267	120	2.11
list 314	120	2.11
list 65	128	2.11
list 207	131	2.11
list 501	131	2.11
list 575	133	2.11
list 193	134	2.11
list 465	134	2.11
list 403	137	2.11
list 461	140	2.11
list 161	141	2.11
list 363	144	2.11
list 311	157	2.11
list 331	173	2.11
list 528	187	2.11
list 255	193	2.11
list 335	193	2.11
list 523	193	2.11
list 632	196	2.11
list 399	206	2.11
list 505	206	2.11
list 167	209	2.11
list 387	247	2.11
list 282	273	2.11
list 117	278	2.11
list 209	279	2.11
list 157	301	2.11
list 196	330	2.11
list 525	359	2.11
list 219	9	2.1
list 389	9	2.1
list 420	11	2.1
list 434	11	2.1
list 203	12	2.1
list 283	12	2.1
list 47	33	2.1
list 582	35	2.1
list 619	46	2.1
list 80	47	2.1
list 197	53	2.1
list 15	67	2.1
list 383	67	2.1
list 33	72	2.1
list 544	72	2.1
list 556	72	2.1
list 136	83	2.1
list 519	84	2.1
list 43	85	2.1
list 42	89	2.1
list 347	96	2.1
list 5	99	2.1
list 423	106	2.1
list 551	106	2.1
list 613	106	2.1
list 570	116	2.1
list 575	131	2.1
list 484	137	2.1
list 516	145	2.1
list 359	150	2.1
list 613	150	2.1
list 123	162	2.1
list 411	163	2.1
list 445	171	2.1
list 545	172	2.1
list 597	173	2.1
list 123	177	2.1
list 272	180	2.1
list 18	181	2.1
list 311	184	2.1
list 328	186	2.1
list 406	186	2.1
list 353	205	2.1
list 551	205	2.1
list 344	231	2.1
list 97	238	2.1
list 453	252	2.1
list 143	256	2.1
list 515	261	2.1
list 565	261	2.1
list 261	262	2.1
list 250	273	2.1
list 349	273	2.1
list 104	277	2.1
list 110	292	2.1
list 524	298	2.1
list 215	304	2.1
list 223	304	2.1
list 117	315	2.1
list 363	315	2.1
list 160	325	2.1
list 11	349	2.1
list 481	359	2.1
list 458	5	2.09
list 435	9	2.09
list 632	22	2.09
list 394	26	2.09
list 398	30	2.09
list 59	34	2.09
list 335	44	2.09
list 44	49	2.09
list 621	66	2.09
list 21	72	2.09
list 301	82	2.09
list 175	88	2.09
list 624	88	2.09
list 271	92	2.09
list 285	92	2.09
list 103	96	2.09
list 433	96	2.09
list 62	97	2.09
list 122	99	2.09
list 151	99	2.09
list 383	106	2.09
list 541	106	2.09
list 259	131	2.09
list 343	140	2.09
list 513	140	2.09
list 75	144	2.09
list 106	146	2.09
list 95	171	2.09
list 374	180	2.09
list 570	181	2.09
list 498	187	2.09
list 602	187	2.09
list 70	188	2.09
list 437	193	2.09
list 453	193	2.09
list 575	205	2.09
list 191	206	2.09
list 389	206	2.09
list 526	211	2.09
list 243	239	2.09
list 399	239	2.09
list 221	262	2.09
list 101	283	2.09
list 575	288	2.09
list 229	289	2.09
list 421	300	2.09
list 209	304	2.09
list 503	316	2.09
list 217	347	2.09
list 378	355	2.09
list 295	359	2.09
list 437	359	2.09
list 357	9	2.08
list 290	10	2.08
list 170	12	2.08
list 519	17	2.08
list 65	22	2.08
list 80	23	2.08
list 527	23	2.08
list 244	26	2.08
list 268	30	2.08
list 452	32	2.08
list 194	33	2.08
list 515	44	2.08
list 42	49	2.08
list 410	55	2.08
list 216	63	2.08
list 477	63	2.08
list 371	67	2.08
list 547	67	2.08
list 61	72	2.08
list 40	73	2.08
list 232	73	2.08
list 288	73	2.08
list 294	73	2.08
list 308	73	2.08
list 433	74	2.08
list 486	84	2.08
list 634	91	2.08
list 80	92	2.08
list 245	92	2.08
list 203	97	2.08
list 230	97	2.08
list 11	107	2.08
list 266	133	2.08
list 166	135	2.08
list 435	140	2.08
list 503	156	2.08
list 135	171	2.08
list 39	173	2.08
list 271	173	2.08
list 266	181	2.08
list 168	186	2.08
list 50	188	2.08
list 429	203	2.08
list 597	209	2.08
list 97	210	2.08
list 202	229	2.08
list 253	238	2.08
list 321	247	2.08
list 333	247	2.08
list 171	277	2.08
list 296	282	2.08
list 506	284	2.08
list 96	303	2.08
list 317	304	2.08
list 431	317	2.08
list 143	323	2.08
list 486	329	2.08
list 488	335	2.08
list 184	349	2.08
list 230	349	2.08
list 231	349	2.08
list 603	359	2.08
list 75	12	2.07
list 295	12	2.07
list 18	28	2.07
list 276	28	2.07
list 224	44	2.07
list 75	48	2.07
list 478	48	2.07
list 206	49	2.07
list 263	50	2.07
list 378	53	2.07
list 538	53	2.07
list 102	54	2.07
list 634	55	2.07
list 24	69	2.07
list 480	71	2.07
list 65	72	2.07
list 213	72	2.07
list 552	72	2.07
list 582	72	2.07
list 586	72	2.07
list 213	85	2.07
list 158	89	2.07
list 6	92	2.07
list 290	97	2.07
list 448	100	2.07
list 530	100	2.07
list 463	106	2.07
list 565	106	2.07
list 625	106	2.07
list 129	107	2.07
list 357	115	2.07
list 183	128	2.07
list 247	131	2.07
list 387	131	2.07
list 479	131	2.07
list 513	136	2.07
list 303	140	2.07
list 451	140	2.07
list 596	140	2.07
list 69	144	2.07
list 614	145	2.07
list 312	151	2.07
list 433	152	2.07
list 215	158	2.07
list 251	162	2.07
list 351	163	2.07
list 19	164	2.07
list 370	167	2.07
list 285	173	2.07
list 485	174	2.07
list 63	175	2.07
list 145	175	2.07
list 84	188	2.07
list 83	194	2.07
list 574	196	2.07
list 596	196	2.07
list 511	203	2.07
list 241	206	2.07
list 554	223	2.07
list 453	227	2.07
list 477	232	2.07
list 588	235	2.07
list 443	247	2.07
list 547	247	2.07
list 509	252	2.07
list 15	271	2.07
list 347	272	2.07
list 250	277	2.07
list 90	278	2.07
list 83	289	2.07
list 133	289	2.07
list 161	292	2.07
list 85	315	2.07
list 245	315	2.07
list 356	321	2.07
list 420	321	2.07
list 541	321	2.07
list 200	349	2.07
list 228	355	2.07
list 110	356	2.07
list 337	359	2.07
list 365	359	2.07
list 411	359	2.07
list 129	6	2.06
list 335	9	2.06
list 93	12	2.06
list 246	22	2.06
list 588	26	2.06
list 10	49	2.06
list 88	73	2.06
list 559	75	2.06
list 611	76	2.06
list 330	82	2.06
list 139	85	2.06
list 484	91	2.06
list 132	98	2.06
list 276	101	2.06
list 321	106	2.06
list 385	114	2.06
list 202	120	2.06
list 203	120	2.06
list 241	131	2.06
list 521	131	2.06
list 385	132	2.06
list 551	135	2.06
list 416	137	2.06
list 450	137	2.06
list 506	139	2.06
list 402	150	2.06
list 427	152	2.06
list 472	152	2.06
list 460	164	2.06
list 236	181	2.06
list 394	186	2.06
list 48	188	2.06
list 48	197	2.06
list 593	204	2.06
list 435	205	2.06
list 579	205	2.06
list 163	206	2.06
list 593	206	2.06
list 203	209	2.06
list 575	209	2.06
list 29	223	2.06
list 258	231	2.06
list 115	238	2.06
list 285	246	2.06
list 463	247	2.06
list 13	248	2.06
list 422	249	2.06
list 129	251	2.06
list 559	272	2.06
list 360	273	2.06
list 114	279	2.06
list 150	281	2.06
list 87	289	2.06
list 33	309	2.06
list 616	311	2.06
list 99	315	2.06
list 266	316	2.06
list 483	348	2.06
list 532	350	2.06
list 246	351	2.06
list 72	356	2.06
list 574	4	2.05
list 243	6	2.05
list 400	11	2.05
list 135	21	2.05
list 229	22	2.05
list 358	44	2.05
list 72	49	2.05
list 353	53	2.05
list 174	58	2.05
list 140	63	2.05
list 104	64	2.05
list 208	64	2.05
list 627	64	2.05
list 150	67	2.05
list 533	75	2.05
list 556	82	2.05
list 539	84	2.05
list 560	88	2.05
list 244	90	2.05
list 70	92	2.05
list 237	96	2.05
list 112	97	2.05
list 450	98	2.05
list 453	106	2.05
list 151	108	2.05
list 176	109	2.05
list 584	116	2.05
list 298	120	2.05
list 628	131	2.05
list 196	136	2.05
list 452	137	2.05
list 379	142	2.05
list 199	145	2.05
list 184	150	2.05
list 365	151	2.05
list 404	152	2.05
list 558	165	2.05
list 470	167	2.05
list 527	177	2.05
list 631	191	2.05
list 485	193	2.05
list 149	201	2.05
list 202	204	2.05
list 334	204	2.05
list 245	206	2.05
list 417	206	2.05
list 541	206	2.05
list 269	212	2.05
list 98	215	2.05
list 533	222	2.05
list 309	227	2.05
list 248	231	2.05
list 263	236	2.05
list 420	240	2.05
list 449	246	2.05
list 212	254	2.05
list 219	257	2.05
list 295	262	2.05
list 98	267	2.05
list 165	272	2.05
list 167	272	2.05
list 141	279	2.05
list 486	284	2.05
list 502	284	2.05
list 109	312	2.05
list 355	314	2.05
list 44	318	2.05
list 318	325	2.05
list 77	334	2.05
list 204	337	2.05
list 629	342	2.05
list 106	348	2.05
list 564	348	2.05
list 199	349	2.05
list 282	349	2.05
list 504	350	2.05
list 317	359	2.05
list 477	359	2.05
list 545	359	2.05
list 344	3	2.04
list 256	4	2.04
list 179	12	2.04
list 630	22	2.04
list 376	31	2.04
list 538	38	2.04
list 278	45	2.04
list 490	53	2.04
list 546	53	2.04
list 12	59	2.04
list 605	66	2.04
list 96	73	2.04
list 125	85	2.04
list 322	89	2.04
list 490	96	2.04
list 20	99	2.04
list 556	101	2.04
list 437	106	2.04
list 567	106	2.04
list 550	114	2.04
list 490	117	2.04
list 93	132	2.04
list 415	133	2.04
list 27	136	2.04
list 38	140	2.04
list 349	140	2.04
list 548	145	2.04
list 288	150	2.04
list 580	150	2.04
list 302	151	2.04
list 299	167	2.04
list 316	167	2.04
list 391	173	2.04
list 221	177	2.04
list 548	178	2.04
list 600	178	2.04
list 240	180	2.04
list 76	181	2.04
list 294	181	2.04
list 64	192	2.04
list 347	193	2.04
list 513	193	2.04
list 289	206	2.04
list 623	206	2.04
list 108	211	2.04
list 239	227	2.04
list 327	227	2.04
list 282	231	2.04
list 314	231	2.04
list 232	245	2.04
list 293	266	2.04
list 273	272	2.04
list 510	284	2.04
list 196	288	2.04
list 310	288	2.04
list 321	290	2.04
list 55	301	2.04
list 584	311	2.04
list 630	317	2.04
list 10	318	2.04
list 578	320	2.04
list 567	322	2.04
list 344	325	2.04
list 316	351	2.04
list 399	359	2.04
list 186	12	2.03
list 385	12	2.03
list 596	13	2.03
list 166	22	2.03
list 114	47	2.03
list 632	53	2.03
list 486	64	2.03
list 472	67	2.03
list 612	72	2.03
list 43	73	2.03
list 189	74	2.03
list 314	75	2.03
list 7	85	2.03
list 630	85	2.03
list 10	89	2.03
list 351	92	2.03
list 351	106	2.03
list 69	108	2.03
list 428	120	2.03
list 440	125	2.03
list 560	131	2.03
list 556	139	2.03
list 432	140	2.03
list 382	150	2.03
list 138	151	2.03
list 148	151	2.03
list 314	151	2.03
list 419	151	2.03
list 400	155	2.03
list 518	155	2.03
list 580	169	2.03
list 51	171	2.03
list 311	173	2.03
list 349	187	2.03
list 466	187	2.03
list 507	187	2.03
list 74	188	2.03
list 271	191	2.03
list 533	193	2.03
list 540	196	2.03
list 379	206	2.03
list 67	223	2.03
list 595	227	2.03
list 520	231	2.03
list 335	232	2.03
list 410	232	2.03
list 352	244	2.03
list 483	247	2.03
list 154	248	2.03
list 289	256	2.03
list 199	266	2.03
list 154	273	2.03
list 202	274	2.03
list 101	277	2.03
list 512	277	2.03
list 177	279	2.03
list 58	280	2.03
list 444	282	2.03
list 186	288	2.03
list 181	293	2.03
list 397	298	2.03
list 545	317	2.03
list 576	324	2.03
list 129	343	2.03
list 474	345	2.03
list 76	349	2.03
list 223	349	2.03
list 606	359	2.03
list 370	11	2.02
list 608	21	2.02
list 312	22	2.02
list 42	23	2.02
list 604	25	2.02
list 502	31	2.02
list 64	47	2.02
list 162	49	2.02
list 256	54	2.02
list 80	56	2.02
list 337	61	2.02
list 486	63	2.02
list 102	64	2.02
list 446	65	2.02
list 512	65	2.02
list 53	72	2.02
list 616	72	2.02
list 293	82	2.02
list 80	85	2.02
list 96	89	2.02
list 277	92	2.02
list 614	96	2.02
list 570	101	2.02
list 154	107	2.02
list 412	110	2.02
list 442	110	2.02
list 546	114	2.02
list 210	115	2.02
list 348	121	2.02
list 71	132	2.02
list 290	135	2.02
list 376	137	2.02
list 508	137	2.02
list 616	139	2.02
list 550	140	2.02
list 266	155	2.02
list 133	156	2.02
list 580	160	2.02
list 541	163	2.02
list 266	167	2.02
list 328	167	2.02
list 329	172	2.02
list 502	172	2.02
list 380	187	2.02
list 140	188	2.02
list 146	188	2.02
list 562	196	2.02
list 311	203	2.02
list 324	204	2.02
list 349	206	2.02
list 526	206	2.02
list 310	211	2.02
list 293	223	2.02
list 198	225	2.02
list 55	238	2.02
list 497	249	2.02
list 584	251	2.02
list 565	255	2.02
list 106	265	2.02
list 215	266	2.02
list 304	267	2.02
list 408	267	2.02
list 158	272	2.02
list 334	273	2.02
list 333	275	2.02
list 143	279	2.02
list 430	280	2.02
list 62	281	2.02
list 74	282	2.02
list 111	283	2.02
list 225	292	2.02
list 434	298	2.02
list 58	310	2.02
list 246	317	2.02
list 189	321	2.02
list 372	321	2.02
list 424	321	2.02
list 446	329	2.02
list 37	334	2.02
list 8	335	2.02
list 167	349	2.02
list 212	349	2.02
list 266	349	2.02
list 492	355	2.02
list 506	359	2.02
list 137	360	2.02
list 563	6	2.01
list 13	9	2.01
list 275	12	2.01
list 319	23	2.01
list 610	27	2.01
list 136	28	2.01
list 177	31	2.01
list 82	41	2.01
list 545	44	2.01
list 92	49	2.01
list 238	49	2.01
list 272	49	2.01
list 298	49	2.01
list 560	55	2.01
list 304	64	2.01
list 550	72	2.01
list 408	77	2.01
list 98	89	2.01
list 335	92	2.01
list 451	92	2.01
list 508	101	2.01
list 432	110	2.01
list 236	116	2.01
list 634	116	2.01
list 26	122	2.01
list 306	128	2.01
list 216	137	2.01
list 538	137	2.01
list 74	140	2.01
list 536	140	2.01
list 352	145	2.01
list 266	150	2.01
list 260	151	2.01
list 554	152	2.01
list 554	155	2.01
list 448	164	2.01
list 258	167	2.01
list 124	181	2.01
list 106	182	2.01
list 362	186	2.01
list 152	188	2.01
list 552	196	2.01
list 425	206	2.01
list 450	215	2.01
list 602	223	2.01
list 146	226	2.01
list 587	227	2.01
list 154	229	2.01
list 104	231	2.01
list 420	231	2.01
list 450	231	2.01
list 166	232	2.01
list 436	247	2.01
list 587	250	2.01
list 99	269	2.01
list 172	273	2.01
list 458	273	2.01
list 504	277	2.01
list 330	284	2.01
list 632	284	2.01
list 176	288	2.01
list 434	288	2.01
list 31	292	2.01
list 332	298	2.01
list 115	299	2.01
list 517	303	2.01
list 522	305	2.01
list 134	308	2.01
list 480	309	2.01
list 81	315	2.01
list 266	318	2.01
list 334	330	2.01
list 414	330	2.01
list 264	331	2.01
list 402	334	2.01
list 10	344	2.01
list 466	345	2.01
list 277	348	2.01
list 344	348	2.01
list 14	349	2.01
list 26	351	2.01
list 96	356	2.01
list 299	356	2.01
list 182	359	2.01
list 353	359	2.01
list 372	359	2.01
list 43	360	2.01
